0 -19 43 -24 0 0 -6 39 -32 0 
3 -18 43 -24 -3 3 -7 41 -33 -3 
6 -18 41 -23 -6 6 -10 47 -36 -6 
9 -17 39 -21 -9 9 -15 54 -38 -9 
10 -16 37 -20 -10 10 -20 59 -39 -10 
11 -15 36 -20 -11 11 -24 61 -36 -11 
10 -15 37 -21 -10 10 -28 60 -32 -10 
9 -14 38 -23 -9 9 -28 55 -27 -9 
6 -13 40 -26 -6 6 -26 50 -23 -6 
3 -11 41 -29 -3 3 -23 45 -21 -3 
0 -6 39 -32 0 0 -19 43 -24 0 
-3 -7 41 -33 3 -3 -18 43 -24 3 
-6 -10 47 -36 6 -6 -18 41 -23 6 
-9 -15 54 -38 9 -9 -17 39 -22 9 
-10 -20 59 -39 10 -10 -16 37 -21 10 
-11 -24 61 -36 11 -11 -15 36 -20 11 
-10 -28 60 -32 10 -10 -15 37 -21 10 
-9 -28 56 -27 9 -9 -14 38 -23 9 
-6 -26 50 -23 6 -6 -13 40 -26 6 
-3 -23 45 -21 3 -3 -11 41 -29 3